395.1206610035953 0.5901555835287937
396.50346848029847 0.5887994349003378
398.8726080617263 0.5911585448683698
399.9532026842234 0.6099997283174701
400.92795432111063 0.6528078389465962
401.3109814078589 0.6931345824692319
401.89261974407503 0.7296645626364073
402.08413328744916 0.7498279343977251
403.3741725002943 0.7283016219447036
404.56098367187997 0.7219148184707895
405.7388293199786 0.7457934488285956
406.1278334223848 0.765943236463418
406.610726479085 0.802480008693841
407.09249884534927 0.8427999601532289
407.7706410802097 0.8868895067150865
408.3548943607763 0.9145920686813436
409.54656185758404 0.8918114885485813
410.34623674415656 0.8589695987249033
410.6506909792344 0.8312059081894171
411.3508734593337 0.8008929299149634
412.0465731776894 0.7857126685563696
413.42377720221333 0.8032724160727385
414.30538701176386 0.8271714226202874
415.4821119694267 0.8548332322070583
416.5645744093169 0.867369116941217
417.1637702290284 0.8446292891879409
417.76147179482535 0.8269337004066182
418.9561277994621 0.7940646423299493
419.9559081894171 0.7523817501788577
420.7548359490323 0.7220619798411563
421.9465034458401 0.6992813997083941
423.8286407723029 0.6789753946188748
425.8993031343108 0.6889212392345798
427.1822446410621 0.6913550618983364
430.6443064397816 0.670940383796854
434.10151191327896 0.6669194823542197
435.38482698350884 0.6680922452749881
437.4558629089954 0.6767770301477047
440.1189969480996 0.6866821223839237
441.4023120183295 0.687854885304692
444.07067594613443 0.6801051411390744
446.9387718138431 0.6647754543890314
449.11154152667467 0.6633649692545938
